KIC ra dec Prot Porb evol_stage: 0=unknown; 1=RGB; 2=RC
2018667 292.37642 37.48666 64.0 -999.0 0
2019396 292.53471 37.43347 67.0 -999.0 2
2156178 290.51928 37.52545 40.5 -999.0 2
2157901 290.92394 37.58831 44.0 -999.0 2
2159449 291.2892 37.59948 74.5 -999.0 1
2161731 291.77028 37.57049 169.0 -999.0 0
2164123 292.27895 37.53492 57.0 -999.0 0
2305407 291.99617 37.69118 95.0 -999.0 1
2305930 292.10682 37.6898 33.0 -999.0 2
2441154 290.93766 37.7418 32.0 1.0 0
2443035 291.37353 37.74404 128.0 -999.0 0
2447529 292.34289 37.7814 101.0 -999.0 2
2719113 292.766081 37.99791 98.0 -999.0 0
2833697 286.34141 38.05573 41.5 -999.0 2
2833709 286.34253 38.05741 41.0 -999.0 0
2845610 289.86422 38.0281 81.0 -999.0 1
2852961 291.54737 38.05298 35.5 1.0 0
2854994 291.99392 38.057 138.0 -999.0 1
2860936 293.241851 38.04336 112.5 -999.0 0
3216467 285.53638 38.35881 163.0 -999.0 0
3336731 289.94549 38.40749 150.0 -999.0 0
3339894 290.842669 38.44202 100.0 -999.0 0
3432732 288.23882 38.58098 117.0 -999.0 2
3437031 289.58141 38.50387 141.0 623.7437793709555 0
3448282 292.62945 38.57492 57.0 -999.0 0
3458643 295.081779 38.51711 54.0 399.52730073254526 2
3459199 295.20287 38.51955 11.6 1.0 0
3557606 294.68094 38.68105 100.0 -999.0 2
3654361 293.68785 38.79491 41.5 865.5545451746142 1
3750783 292.46501 38.82185 129.0 -999.0 0
3837107 287.208191 38.94661 93.0 -999.0 0
3854605 292.591721 38.93183 170.0 -999.0 0
3937217 285.800259 39.05184 57.0 1.0 2
3955867 291.93009 39.07208 33.3 33.6568 0
3967501 294.88539 39.0842 85.5 1.0 2
4070746 294.96461 39.15279 82.0 -999.0 1
4242873 285.21027 39.35757 74.0 56.71311846314689 1
4278024 295.28148 39.34945 37.0 1.0 0
4348593 286.28799 39.40664 107.0 -999.0 2
4473933 294.162432 39.552927 68.0 103.605 0
4569590 293.86235 39.69013 41.1 41.3707 0
4659808 293.20257 39.73376 75.0 -999.0 2
4663801 294.245651 39.72482 57.0 -999.0 2
4826087 288.91727 39.96429 16.0 -999.0 0
4857853 297.22743 39.96155 144.0 -999.0 0
4930018 293.54426 40.02478 108.0 -999.0 0
4950750 298.250141 40.00797 124.0 -999.0 0
5002776 289.24941 40.16323 76.0 -999.0 2
5016065 293.25021 40.1702 169.0 -999.0 1
5026399 295.69173 40.14237 72.0 -999.0 0
5042253 299.00052 40.18807 19.0 -999.0 0
5087190 287.96348 40.21727 157.0 959.4395280975936 2
5112741 295.34165 40.20058 8.8 1.0 0
5121605 297.276071 40.20862 150.0 -999.0 0
5123659 297.74148 40.27208 112.3 801.0110355215488 2
5166899 284.516711 40.37428 23.8 1.0 0
5179609 289.61139 40.33584 181.7 43.9311 0
5182131 290.31828 40.32024 76.0 56.1504000525656 0
5193386 293.66012 40.36421 25.5 21.3787 0
5194072 293.846111 40.38874 82.7 -999.0 2
5219779 299.34807 40.37217 124.0 -999.0 2
5308778 299.57739 40.45848 39.0 40.567337 0
5372141 294.53826 40.52704 6.5 -999.0 2
5382824 296.978771 40.53359 94.0 653.2911375096633 2
5385245 297.54492 40.55547 91.0 -999.0 2
5430086 285.158981 40.61635 82.5 -999.0 2
5430224 285.21848 40.64336 55.0 1104.7020309838465 0
5437763 288.39818 40.64911 14.0 14.175669182836538 0
5439339 288.96606 40.68173 59.0 98.04412293170206 2
5460741 295.26842 40.61307 80.5 -999.0 0
5471548 297.68189 40.67909 33.1 -999.0 0
5514251 284.55852 40.77774 33.0 -999.0 2
5531278 291.05286 40.70247 64.0 -999.0 2
5534910 292.24227 40.76869 102.0 851.9638796286225 0
5559520 298.19168 40.72847 41.0 -999.0 2
5610200 288.75311 40.82046 103.0 -999.0 1
5611192 289.080159 40.89541 82.0 -999.0 0
5630212 294.7917 40.870875 31.1 1.0 0
5633342 295.57377 40.85834 109.0 -999.0 1
5685244 283.99514 40.97485 82.0 -999.0 2
5707338 292.394 40.90519 132.0 885.1743661235109 2
5707560 292.46058 40.95111 130.0 -999.0 0
5709182 292.95558 40.99467 40.0 -999.0 0
5737282 299.43564 40.98299 166.0 -999.0 1
5780142 288.30462 41.04772 94.0 -999.0 2
5785879 290.18147 41.06339 126.0 -999.0 0
5808398 296.52234 41.03554 146.0 -999.0 1
5821762 299.28081 41.05369 9.25 1.0 0
5822889 299.49273 41.06973 90.0 -999.0 1
5943345 285.485891 41.24454 109.0 -999.0 2
6032639 288.56231 41.31202 130.0 979.764104054694 2
6113813 288.65142 41.40387 73.0 -999.0 1
6131884 294.34347 41.45747 32.9 -999.0 2
6188215 285.67404 41.55604 133.0 -999.0 1
6207670 292.68545 41.56028 121.0 -999.0 0
6210603 293.59578 41.50168 104.0 -999.0 0
6221548 296.39634 41.52146 102.0 -999.0 2
6307537 297.757095 41.680453 78.0 29.744 0
6371980 294.27658 41.73899 95.0 -999.0 0
6372268 294.356181 41.777208 5.22 1.0 0
6418912 281.72078 41.8723 90.0 -999.0 0
6430534 287.39772 41.89493 58.0 -999.0 2
6447237 293.24316 41.87516 140.0 -999.0 1
6451238 294.44964 41.83484 137.0 -999.0 0
6516800 290.07168 41.9722 54.0 283.11359461486114 2
6522973 291.995051 41.90739 30.3 29.233327451571103 0
6530065 294.19806 41.93937 75.0 -999.0 0
6535641 295.6682 41.99186 64.0 -999.0 0
6545726 297.96345 41.95439 75.0 -999.0 1
6590195 286.37735 42.05621 92.0 55.85504761498936 1
6590381 286.4616 42.08183 95.0 -999.0 2
6627543 297.30345 42.02878 106.0 -999.0 2
6627606 297.31967 42.03927 13.8 -999.0 0
6676083 286.666929 42.1885 31.6 -999.0 0
6678328 287.58566 42.15095 27.8 -999.0 0
6688318 290.84196 42.18313 150.0 -999.0 2
6700113 294.20181 42.15646 125.0 -999.0 2
6705259 295.45913 42.10958 49.3 -999.0 0
6707763 296.015621 42.17114 104.0 -999.0 1
6707805 296.02464 42.1514 22.0 1.0 0
6791309 295.60232 42.23656 48.3 -999.0 2
6851401 288.05924 42.3562 107.0 -999.0 0
6866251 292.747059 42.37993 120.0 -999.0 0
6933666 286.64819 42.46952 99.0 1.0 0
6967600 296.8377 42.46077 97.0 -999.0 0
7024018 288.749681 42.58093 95.0 -999.0 0
7041602 294.15767 42.57266 81.0 -999.0 2
7103951 287.10063 42.63593 75.0 642.6406115121514 2
7108646 288.89528 42.66469 83.0 -999.0 0
7117050 291.55718 42.69465 163.0 -999.0 0
7131995 295.747419 42.67454 45.0 -999.0 1
7133286 296.058602 42.669567 38.0 38.51 0
7183551 285.782111 42.75821 36.3 -999.0 0
7191945 289.195061 42.70696 139.5 -999.0 2
7205397 293.3508 42.70019 53.0 -999.0 0
7211802 295.14168 42.79188 70.5 -999.0 2
7217486 296.49144 42.71645 119.5 -999.0 0
7340724 283.34691 42.93055 6.3 -999.0 1
7350769 287.80644 42.93555 90.0 -999.0 2
7351098 287.938331 42.92119 125.0 -999.0 2
7375177 295.35851 42.9011 106.0 734.142220203361 2
7377422 295.93044 42.9512 56.4 107.622847 0
7445653 292.02054 43.00172 90.0 -999.0 0
7451465 293.75049 43.08882 47.1 -999.0 0
7465993 297.21303 43.08893 81.5 -999.0 1
7499677 280.506371 43.13736 43.8 -999.0 2
7547646 296.968031 43.10457 88.7 -999.0 2
7552750 298.06299 43.18064 101.0 1.0 0
7597390 288.24648 43.20708 77.0 -999.0 0
7613227 293.56542 43.29052 169.0 -999.0 1
7661609 282.46776 43.34521 169.0 106.57964124741775 1
7664191 283.88082 43.38934 82.0 -999.0 2
7670419 287.09601 43.37711 108.0 -999.0 2
7670875 287.31381 43.31932 200.0 0.8771959555758071 1
7671562 287.62258 43.31944 114.0 -999.0 0
7702822 297.76134 43.34557 69.0 -999.0 1
7703954 298.02305 43.39142 72.0 -999.0 2
7741179 287.08535 43.4268 71.0 -999.0 2
7742049 287.491421 43.42423 41.5 -999.0 2
7743728 288.281591 43.41607 38.6 -999.0 1
7747060 289.7136 43.47498 76.0 -999.0 2
7847644 299.069951 43.54326 75.2 -999.0 2
7869590 281.7762 43.67623 40.5 18.859904322722223 0
7890365 291.55896 43.67001 85.0 -999.0 2
7899428 294.64955 43.692069 11.46 1.0 0
7901207 295.19717 43.66907 131.0 -999.0 2
7903173 295.79946 43.65568 20.0 -999.0 1
7943602 284.59356 43.76044 14.6 14.6922 0
7948193 287.06415 43.73331 109.0 1.0 0
7954197 289.79244 43.76576 75.0 -999.0 0
7967318 294.34982 43.72885 162.0 -999.0 1
7969754 295.12938 43.75482 69.1 52.25485930509783 0
7989220 300.17633 43.75009 132.0 -999.0 1
8009410 283.15698 43.89361 119.0 -999.0 0
8013399 285.1533 43.81932 120.0 1007.5491069175868 1
8085964 287.148191 43.91748 97.0 -999.0 2
8105018 294.3834 43.94136 112.0 -999.0 0
8108336 295.46076 43.97553 10.0 1.0 0
8126282 300.090101 43.90444 86.0 -999.0 2
8160074 289.86009 44.00281 149.0 -999.0 0
8160175 289.8923 44.0253 69.8 -999.0 1
8167286 292.38402 44.01857 39.0 -999.0 1
8174381 294.76347 44.09197 139.0 -999.0 0
8189460 298.84452 44.01944 112.0 -999.0 0
8230626 290.830511 44.1677 122.0 -999.0 2
8247851 296.63099 44.11298 84.5 -999.0 0
8264592 300.9904 44.10767 80.0 -999.0 2
8265098 301.113611 44.18022 118.0 -999.0 0
8310792 295.66578 44.27206 130.0 -999.0 1
8325764 299.64546 44.2749 45.5 -999.0 2
8326469 299.82012 44.26776 144.0 -999.0 2
8328014 300.24617 44.29637 99.0 -999.0 0
8329095 300.63939 44.26854 163.0 -999.0 0
8329894 300.84512 44.26397 114.0 -999.0 0
8343854 281.18214 44.3431 39.0 -999.0 2
8346238 282.637361 44.3438 124.0 -999.0 0
8365052 291.63078 44.34158 76.0 -999.0 2
8365782 291.9038 44.3868 118.0 702.8392954038004 2
8386537 298.34013 44.37687 67.0 -999.0 2
8389200 299.017811 44.39823 92.0 -999.0 2
8394780 300.53919 44.30194 72.0 -999.0 1
8395903 300.942971 44.38128 109.0 -999.0 2
8411053 282.387791 44.41603 105.0 -999.0 0
8430105 291.55862 44.48819 121.6 63.327106 0
8435232 293.534073 44.477084 48.7 49.57 0
8479301 284.23011 44.55231 59.1 -999.0 1
8496527 292.35693 44.58335 48.0 -999.0 0
8515227 298.22808 44.53919 28.0 1.0 1
8517303 298.750001 44.57254 53.5 24.094402988885324 0
8522971 300.25565 44.58267 107.0 -999.0 2
8547469 286.24603 44.64244 80.5 -999.0 0
8622860 291.081129 44.77853 77.0 -999.0 0
8635922 295.81995 44.72519 78.0 -999.0 0
8648338 299.12772 44.77139 160.0 -999.0 0
8669014 281.85227 44.80981 107.0 -999.0 0
8696035 294.41607 44.84626 72.0 -999.0 0
8702921 296.66502 44.85307 97.8 19.3849 0
8733649 282.095469 44.90619 81.0 -999.0 1
8749284 290.197961 44.925 3.5 1.0 0
8816525 290.94281 45.08966 68.5 -999.0 2
8822505 293.28111 45.09453 40.05 1.0 0
8825444 294.362351 45.05915 87.8 128.51661705598596 2
8836830 297.89631 45.03239 14.3 -999.0 1
8845313 300.238391 45.02451 77.0 -999.0 0
8869656 284.8716 45.13267 50.1 -999.0 2
8879518 289.568561 45.11464 109.0 -999.0 2
8915786 301.07247 45.15505 99.0 -999.0 0
8936339 284.46291 45.27182 103.0 796.0281960193855 2
8941031 286.81908 45.27443 54.2 -999.0 2
8951178 291.19053 45.21769 145.0 -999.0 0
9008125 286.101611 45.31919 88.0 -999.0 1
9028293 294.1026 45.36311 86.0 -999.0 2
9085007 290.36942 45.44572 75.0 -999.0 0
9086060 290.79399 45.45574 81.0 453.2041839291558 0
9091772 292.936899 45.41815 111.0 -999.0 2
9112472 298.932431 45.45918 88.7 -999.0 0
9164187 295.4718 45.51178 91.0 -999.0 1
9222065 293.342299 45.639686 88.5 -999.0 1
9240941 299.29419 45.62676 123.0 254.0781398280144 0
9246715 300.95136 45.60412 93.3 171.27769 0
9286851 294.19591 45.73838 92.0 -999.0 2
9291629 295.906751 45.7241 20.6 20.6864299 0
9364778 299.28546 45.84629 117.0 -999.0 2
9406426 292.79091 45.95754 106.0 -999.0 0
9412305 295.073231 45.96439 110.0 -999.0 0
9427961 299.86182 45.91826 93.0 -999.0 2
9451482 285.04998 46.08495 100.0 -999.0 0
9469165 293.5599 46.0993 45.0 -999.0 2
9479404 297.08928 46.03567 160.0 -999.0 0
9508595 282.24717 46.11374 68.0 -999.0 0
9513046 284.88444 46.1242 98.0 -999.0 2
9518802 288.28469 46.13107 109.0 -999.0 2
9532903 294.459071 46.12959 133.0 -999.0 2
9534041 294.88725 46.19873 118.0 -999.0 2
9542075 297.55404 46.14567 89.0 -999.0 0
9589369 292.37622 46.24738 102.5 -999.0 1
9596106 294.96648 46.24459 112.0 -999.0 0
9612933 300.12078 46.24001 140.0 -999.0 0
9632233 282.79516 46.38004 42.9 -999.0 2
9641447 288.26121 46.31143 49.2 -999.0 2
9651996 292.98999 46.37577 36.6 37.18451052422696 0
9652428 293.16099 46.30007 72.0 -999.0 0
9655101 294.23804 46.37849 122.0 -999.0 2
9655167 294.26117 46.38697 106.0 -999.0 2
9705408 289.785731 46.41634 83.0 -999.0 2
9716090 294.23253 46.46046 125.0 -999.0 0
9770992 291.99693 46.51985 17.83 1.0 0
9771031 292.01643 46.50363 16.7 -999.0 0
9776739 294.34203 46.54738 141.0 -999.0 2
9780154 295.60491 46.50065 106.0 -999.0 1
9788756 298.276361 46.53275 95.0 -999.0 0
9825327 289.27994 46.66479 94.0 -999.0 1
9832790 292.57608 46.62686 86.6 -999.0 2
9833651 292.97888 46.66587 99.0 -999.0 2
9837673 294.531285 46.64518 83.0 1.0 1
9881628 287.34903 46.72685 95.0 -999.0 0
9898373 294.83349 46.77133 124.0 617.061010304289 2
9910430 298.67898 46.79996 109.0 -999.0 0
9946213 289.603661 46.89231 7.36 -999.0 1
9963898 296.78132 46.88346 57.5 -999.0 2
10005966 289.434911 46.99056 129.0 -999.0 2
10015516 293.47362 46.9704 69.0 67.692 0
10053224 280.78091 47.03713 59.8 -999.0 2
10068490 289.052951 47.04098 94.0 -999.0 2
10073828 291.29372 47.05356 112.0 -999.0 0
10118979 281.14134 47.13289 118.0 -999.0 0
10128629 286.407429 47.14254 82.0 -999.0 0
10146348 293.842781 47.17726 117.0 -999.0 0
10148118 294.46292 47.15686 91.0 388.242723408859 2
10159900 298.05075 47.15569 108.0 -999.0 1
10198347 287.617211 47.27738 45.6 1.0 2
10207623 291.78309 47.24318 80.0 -999.0 0
10253776 281.7372 47.3055 169.0 -999.0 0
10264167 287.402409 47.3404 82.0 -999.0 2
10264774 287.76795 47.3161 42.0 -999.0 0
10281161 294.58314 47.33134 110.0 -999.0 2
10281965 294.89603 47.31809 93.5 -999.0 0
10291535 297.89096 47.34848 76.0 -999.0 0
10297952 299.681369 47.387001 17.55 17.660037881028074 0
10319146 281.3918 47.43158 109.0 -999.0 0
10361019 298.97574 47.44401 120.0 -999.0 0
10417308 296.52967 47.51478 40.3 -999.0 2
10461323 287.95329 47.69791 79.7 -999.0 0
10461347 287.965331 47.69401 115.0 -999.0 0
10467570 290.70621 47.69254 142.0 -999.0 0
10480536 295.660211 47.60067 53.0 605.7396755051027 1
10533369 291.13833 47.74127 169.0 -999.0 0
10604255 293.58252 47.86645 104.0 -999.0 0
10668914 293.200781 47.97113 56.0 -999.0 1
10669568 293.46237 47.96338 154.0 1244.1114277019876 0
10735077 293.40236 48.05422 70.0 -999.0 2
10736390 293.91449 48.08357 107.0 -999.0 2
10742794 296.12276 48.01153 99.6 -999.0 0
10793890 290.46102 48.16986 130.0 -999.0 2
10811720 297.069341 48.12056 110.0 1.0 0
10813264 297.498491 48.15233 125.0 -999.0 2
10861387 291.86922 48.25084 68.0 -999.0 1
10866694 294.10467 48.29285 117.0 -999.0 0
10907188 284.65481 48.39366 35.0 -999.0 2
10908111 285.2618 48.38286 13.57 1.0 0
10922167 292.82922 48.36873 91.0 586.3152092822309 2
10935853 298.13217 48.31129 66.0 882.607969114074 2
10969616 288.77981 48.40447 111.0 -999.0 0
10972717 290.32763 48.49676 104.0 -999.0 0
10977040 292.52603 48.45943 119.0 -999.0 2
10991377 298.28958 48.40718 15.71 1.0 0
11020101 286.659521 48.59411 64.0 -999.0 2
11037219 295.23759 48.5034 140.0 -999.0 2
11045134 298.117869 48.59019 121.0 -999.0 2
11087027 293.30919 48.69743 30.5 -999.0 0
11126465 285.71711 48.70978 35.5 -999.0 2
11129153 287.47341 48.77571 50.0 -999.0 2
11133969 289.9662 48.75606 70.0 -999.0 2
11146520 295.86851 48.78134 34.0 1.0 0
11146813 295.97393 48.7086 164.0 -999.0 1
11175907 282.87603 48.87556 128.0 -999.0 2
11176016 282.96015 48.82788 129.0 -999.0 0
11231992 285.0156 48.98346 155.0 -999.0 0
11235323 287.04657 48.99323 24.2 19.6684 0
11253076 295.86186 48.93918 88.0 -999.0 0
11289128 287.46809 49.02795 39.0 -999.0 2
11289515 287.72844 49.00008 56.0 -999.0 0
11289615 287.790039 49.07843 78.0 832.5673474358581 2
11341723 287.11548 49.12405 40.5 -999.0 2
11444676 285.65064 49.39674 104.7 -999.0 2
11456735 292.68114 49.35294 121.0 -999.0 0
11506336 291.35619 49.48632 103.0 -999.0 1
11521644 298.00233 49.43197 28.6 -999.0 0
11554998 289.52717 49.58679 30.35 30.70567975510109 0
11597759 283.93899 49.64239 48.0 -999.0 2
11600413 285.76742 49.66386 58.5 56.936225359461474 0
11615617 294.315851 49.61288 167.0 -999.0 0
11667928 294.92486 49.79761 108.0 -999.0 0
11670367 296.02482 49.72045 91.2 -999.0 2
11725034 297.33074 49.89874 56.7 -999.0 0
11725564 297.54099 49.86628 106.0 -999.0 2
11770546 295.465781 49.98877 134.0 -999.0 2
11775041 297.314351 49.99808 55.0 -999.0 2
11804799 286.462241 50.06793 40.0 -999.0 1
11808481 288.75914 50.04632 54.0 -999.0 2
11907579 287.93751 50.28133 14.93 1.0 0
11924806 296.84303 50.25113 142.0 -999.0 2
12003253 285.4658 50.41648 55.5 -999.0 2
12020628 295.59669 50.44847 98.4 -999.0 0
12053188 286.24743 50.51858 126.0 -999.0 0
12055632 287.92062 50.58755 121.0 -999.0 0
12056614 288.52107 50.58816 88.0 -999.0 2
12104686 287.80542 50.63665 130.0 151.5862397890885 2
12117099 294.874999 50.65344 41.0 -999.0 2
12118682 295.60733 50.6256 45.0 1.0 0
12157006 290.07763 50.70902 110.0 -999.0 2
12157366 290.283848 50.71282 18.1 1.0 0
12207049 290.5128 50.87491 72.0 -999.0 1
12208809 291.652181 50.85125 156.0 -999.0 2
12266731 295.84062 50.94436 79.0 -999.0 2
12304485 289.6859 51.03286 54.0 -999.0 2
12314910 295.45331 51.03571 104.0 1.0 0
12406908 290.937453 51.269932 13.39 1.0 0
12458419 290.32154 51.35301 38.7 -999.0 2
12506130 288.93198 51.41361 155.0 -999.0 0
12507415 289.6377 51.4434 62.0 -999.0 2
12600075 289.09524 51.65212 49.0 -999.0 0
12689984 289.43706 51.84851 146.0 -999.0 0
1572049 291.12369 37.18335 18.0 361.2983784501072 2
5954370 289.890359 41.271147 44.0 -999.0 0
9266192 284.272992 45.724721 97.0 -999.0 2
12356649 291.218123 51.180535 136.0 -999.0 2
